objective=19556
profit=43671
length=24115
count=160
cycle:
121
131
125
90
191
71
67
120
51
98
85
2
182
138
157
171
177
7
61
79
91
141
97
77
58
82
87
8
104
56
144
68
111
41
143
159
119
153
186
163
165
127
89
103
26
180
176
88
194
166
86
110
128
124
62
18
83
181
95
185
22
179
52
172
57
66
94
154
47
148
20
59
28
101
149
4
199
140
183
174
55
34
170
152
53
184
155
167
189
69
109
35
0
12
29
39
160
33
49
11
139
168
195
126
13
145
15
3
70
161
132
169
65
188
6
150
192
147
115
178
10
133
44
17
100
63
102
38
27
16
197
1
24
156
42
30
198
117
151
54
31
193
164
73
136
105
190
80
46
162
175
78
142
45
5
123
25
158
19
112
