objective=19588
profit=42481
length=22893
count=152
cycle:
41
111
68
8
104
56
144
160
33
138
182
139
11
49
29
39
12
0
109
35
143
159
119
153
186
163
165
127
89
103
26
180
176
88
194
166
86
110
128
124
62
18
55
181
95
185
22
179
52
172
57
66
94
154
47
148
60
23
20
59
28
101
149
4
199
140
183
174
53
184
167
189
155
84
70
161
3
15
145
13
126
132
169
65
188
6
150
192
147
115
178
10
133
44
17
100
63
102
38
27
16
197
1
156
24
131
125
90
191
71
67
120
51
98
116
121
112
19
151
198
30
117
193
31
54
164
73
136
105
190
80
46
162
45
142
175
78
5
123
25
171
177
7
61
79
91
87
82
58
77
50
14
