objective=18769
profit=41341
length=22572
count=148
cycle:
65
169
132
126
13
145
15
161
70
3
189
167
155
184
53
174
183
9
199
140
4
149
101
28
59
20
148
47
154
94
66
57
172
52
179
22
185
95
181
55
18
62
124
128
110
86
166
194
88
176
180
26
103
89
127
165
163
186
153
81
77
58
50
14
41
111
37
35
109
0
12
29
39
160
33
49
11
138
182
25
171
157
104
56
8
68
82
87
91
79
61
7
177
123
5
78
175
142
45
162
46
80
190
105
136
73
164
193
31
54
151
117
198
30
42
156
24
1
197
16
27
38
102
32
135
131
121
116
98
51
125
90
122
100
17
44
133
10
178
191
120
67
71
147
192
150
6
188
