objective=19302
profit=43606
length=24304
count=158
cycle:
51
98
118
74
2
85
192
150
6
188
65
169
126
13
132
161
70
3
15
145
189
167
155
184
53
174
183
140
199
4
149
101
28
59
20
23
60
148
47
154
94
66
57
172
52
179
22
185
95
110
86
166
194
88
176
180
26
103
89
127
165
163
186
153
119
159
143
106
124
128
62
18
55
34
69
109
35
0
12
29
39
111
41
14
50
58
77
97
141
91
79
61
21
87
82
68
8
104
56
144
160
33
49
11
139
182
138
157
171
25
123
177
7
5
78
175
142
45
162
46
80
190
105
136
73
164
31
54
193
117
30
156
42
16
27
38
197
1
24
198
151
19
112
121
131
135
32
102
63
100
17
44
133
10
178
90
191
125
