objective=19497
profit=42591
length=23094
count=153
cycle:
193
31
54
151
117
198
30
42
156
24
1
197
16
27
38
102
63
100
17
44
133
10
178
90
125
191
71
67
120
51
98
118
74
2
85
192
150
6
188
65
169
132
126
13
145
15
3
161
70
84
155
184
53
174
183
140
199
4
149
101
28
59
20
23
60
148
47
154
94
66
57
172
52
179
22
185
95
110
86
166
194
88
176
180
26
103
89
127
165
163
186
153
119
159
143
106
124
128
62
18
55
34
167
189
69
109
35
0
12
29
39
160
33
49
11
138
182
25
171
157
104
56
144
37
41
111
68
8
87
82
58
77
97
141
91
79
61
7
177
123
5
45
142
78
175
162
46
80
190
105
136
73
164
