objective=19073
profit=44292
length=25219
count=162
cycle:
183
140
199
4
149
101
28
59
20
23
60
148
47
154
94
66
57
172
52
179
22
185
95
86
110
128
124
64
166
194
88
176
180
26
103
114
137
127
165
89
163
186
153
119
159
143
41
14
50
77
97
141
91
79
61
21
87
58
82
68
111
37
35
109
0
12
29
39
160
144
56
8
104
33
49
11
138
182
139
2
85
98
51
120
67
71
191
90
125
131
121
116
158
25
171
123
177
7
5
45
142
78
175
162
46
80
190
105
136
73
164
193
31
54
151
117
198
30
42
156
24
1
197
16
27
38
102
63
100
17
44
133
10
178
115
147
192
150
6
188
65
169
132
13
126
195
145
15
161
70
3
84
155
184
167
189
69
34
62
18
55
174
