objective=19213
profit=42364
length=23151
count=152
cycle:
73
164
193
31
54
151
117
198
30
42
156
24
1
197
16
27
38
102
63
100
17
44
133
10
178
191
90
125
51
98
116
121
112
19
158
25
171
157
104
8
56
144
160
33
49
11
138
182
139
2
85
192
150
6
188
65
169
132
126
13
161
70
3
15
145
189
167
69
109
29
39
12
0
35
143
159
119
106
124
128
62
18
55
174
183
9
199
140
4
149
101
28
59
20
23
60
148
47
154
94
66
57
172
52
179
22
185
95
86
110
64
176
180
88
194
113
26
103
89
127
165
163
186
153
81
14
41
111
68
82
87
58
77
97
141
91
79
61
7
177
123
5
78
175
142
45
162
46
80
190
105
136
