objective=19371
profit=43041
length=23670
count=154
cycle:
169
132
126
13
145
15
3
161
70
84
155
184
167
189
69
34
55
18
62
124
128
181
174
183
9
199
140
4
149
101
28
59
20
23
60
148
47
154
94
66
57
172
52
179
22
130
95
110
86
166
194
88
176
180
26
103
127
165
89
163
186
153
119
159
143
41
37
35
109
0
12
29
39
160
33
49
11
138
182
25
171
157
104
56
144
68
111
50
77
58
82
8
87
91
79
61
7
177
123
5
45
142
78
175
162
46
80
190
105
136
73
164
193
31
54
151
117
198
30
42
156
24
1
197
16
27
38
102
63
100
17
44
133
10
178
191
90
125
131
19
112
121
116
98
51
120
67
71
147
192
150
6
188
65
