objective=19081
profit=45208
length=26127
count=167
cycle:
102
63
100
17
44
133
10
178
90
125
191
71
67
120
51
98
116
121
112
19
158
25
74
2
85
192
150
6
188
65
169
132
13
126
195
145
15
3
161
70
84
155
184
167
189
69
109
35
0
12
29
39
160
33
49
11
139
182
138
157
171
104
56
8
68
82
87
58
50
14
41
111
37
143
159
119
106
124
128
62
18
55
34
170
152
53
174
183
140
199
4
149
101
28
59
20
23
60
148
47
154
94
66
57
172
52
179
22
130
95
110
86
176
180
88
194
166
48
76
75
137
114
26
103
89
127
165
163
186
153
97
77
141
91
79
61
7
177
123
5
45
142
78
175
162
46
80
190
105
136
73
164
31
193
54
151
117
198
30
42
156
24
1
197
16
27
38
