objective=4748
profit=32769
length=28021
count=163
cycle:
4
112
156
29
127
70
154
158
53
86
150
101
1
87
125
74
152
97
100
26
121
99
19
189
94
124
111
167
172
129
82
120
44
25
78
31
13
56
16
88
171
50
188
157
17
196
169
185
8
90
107
27
71
58
164
7
95
39
165
40
119
174
187
81
168
145
179
91
55
52
106
178
3
32
138
49
102
155
144
132
73
64
114
83
89
183
143
170
0
153
76
23
186
15
61
62
9
33
37
148
12
130
176
66
141
51
109
60
118
59
72
151
133
63
182
136
180
173
6
194
161
24
149
131
47
65
116
105
77
43
96
41
191
139
198
46
68
93
140
36
67
108
69
163
159
22
146
103
192
160
48
30
54
147
104
177
10
190
184
28
166
11
84
