objective=5594
profit=32636
length=27042
count=163
cycle:
193
159
199
18
69
108
163
67
36
140
93
117
170
0
183
89
76
23
186
114
64
15
61
144
155
14
138
32
3
106
185
8
90
107
27
71
58
164
7
95
39
165
119
40
174
187
81
169
196
17
157
188
50
171
88
16
56
13
31
168
91
179
145
78
25
44
120
82
129
55
178
49
102
62
9
33
37
148
167
111
12
130
124
94
19
189
99
121
26
100
97
152
74
125
87
1
101
150
86
53
158
154
6
173
180
136
182
63
133
161
162
45
151
176
66
141
51
109
72
59
118
60
46
68
110
191
139
198
115
116
65
47
105
77
149
131
24
29
156
126
112
4
190
10
177
104
147
54
30
48
160
103
146
181
192
11
166
184
28
42
5
96
41
