objective=7692
profit=28143
length=20451
count=132
cycle:
25
16
88
171
113
56
13
31
85
188
157
168
78
145
179
91
196
169
174
81
187
90
107
27
71
58
164
7
95
39
165
119
40
185
8
138
32
49
102
155
144
61
62
9
33
37
148
15
64
114
186
23
137
176
66
141
51
109
72
59
118
60
46
68
93
140
36
163
67
108
69
110
139
191
41
193
159
195
146
103
181
192
160
48
30
54
147
104
184
28
11
166
77
105
116
65
47
131
149
24
161
194
6
173
180
158
53
136
182
63
130
12
124
94
19
189
99
121
100
26
101
150
1
97
152
74
125
87
2
82
120
44
