objective=7872
profit=29695
length=21823
count=141
cycle:
30
48
160
192
42
5
96
41
193
159
195
103
146
22
199
18
69
108
67
163
36
140
93
117
170
0
153
183
89
76
23
186
114
64
15
61
9
62
144
155
102
49
138
32
3
178
106
185
40
119
8
165
39
95
7
164
58
71
27
107
90
174
187
81
169
196
17
157
31
85
188
56
13
171
88
16
78
168
145
91
179
92
82
44
120
150
101
1
97
152
74
125
87
167
111
124
12
130
94
19
189
99
121
182
136
53
158
180
173
6
194
161
162
72
109
51
66
141
60
118
59
65
116
105
77
131
149
24
29
156
126
112
4
84
11
166
28
184
104
147
54
