objective=7728
profit=28153
length=20425
count=133
cycle:
49
102
155
144
61
62
9
15
64
114
186
23
76
89
183
153
0
170
117
93
140
36
163
67
108
69
18
199
159
193
41
96
5
42
192
160
48
30
54
147
104
177
10
190
4
84
11
184
28
166
77
105
116
65
59
118
60
141
66
51
109
72
162
161
194
6
173
180
158
53
136
182
63
130
12
124
94
19
189
99
121
100
26
101
150
1
97
152
74
125
87
2
82
120
44
25
16
88
171
113
56
13
31
85
188
157
17
81
187
174
169
196
168
78
145
179
91
185
40
119
8
165
39
90
107
27
71
58
164
7
21
138
32
