objective=7644
profit=28733
length=21089
count=138
cycle:
15
61
9
62
102
49
144
155
14
138
32
3
178
106
185
40
119
8
165
39
95
7
164
58
71
27
107
90
187
81
174
169
196
17
157
188
56
13
31
168
145
78
25
44
120
82
129
172
167
111
124
12
130
94
189
19
152
74
125
87
1
150
101
97
26
100
99
121
182
136
53
158
180
173
6
194
127
29
156
126
112
4
190
10
177
104
147
54
30
48
160
192
28
184
11
166
77
131
149
47
65
105
116
59
72
51
109
118
60
46
198
115
96
41
193
159
142
191
139
110
163
69
108
67
36
140
93
117
170
0
153
183
89
76
23
186
114
64
