objective=7982
profit=29735
length=21753
count=137
cycle:
173
6
194
161
24
29
156
126
112
4
190
10
177
104
147
54
30
48
160
192
28
184
11
166
77
105
47
65
116
5
96
41
193
159
195
103
146
22
20
18
69
108
67
163
36
140
93
68
46
60
118
59
72
109
51
141
66
176
80
94
124
130
12
137
23
186
114
64
15
61
9
62
144
155
102
49
138
32
3
178
106
185
40
119
8
165
39
95
7
164
58
71
27
107
90
187
81
174
169
196
91
179
145
78
168
157
188
56
31
13
171
88
16
25
44
120
82
2
87
125
74
152
97
1
150
101
26
100
19
189
99
121
182
136
53
158
180
