objective=16836
profit=45074
length=28238
count=168
cycle:
59
28
4
149
101
199
140
183
174
53
184
155
189
167
69
34
55
18
62
124
128
110
64
176
180
129
119
159
143
35
109
0
12
39
29
49
11
139
168
195
145
15
3
70
161
13
132
65
188
150
192
6
169
126
43
2
85
74
118
98
51
120
67
71
191
90
125
131
135
32
178
10
133
44
17
100
63
102
38
27
16
197
1
24
156
42
30
198
117
193
105
190
80
136
73
31
54
151
19
112
121
116
158
25
182
138
33
160
144
56
104
8
157
171
177
123
5
45
162
46
142
175
78
7
61
79
91
87
58
82
68
111
41
14
81
77
97
153
186
163
165
127
89
103
26
114
137
75
76
88
194
166
86
95
130
22
179
52
172
57
66
94
154
47
148
60
23
20
