objective=7047
profit=32951
length=25904
count=163
cycle:
61
15
64
114
83
89
183
153
0
170
143
76
23
137
176
66
141
51
109
60
118
59
72
162
161
24
149
131
166
11
184
28
77
105
47
65
116
5
96
41
193
159
142
110
191
139
198
46
68
93
140
36
163
67
108
69
18
20
22
146
103
181
192
160
48
30
54
147
104
177
10
190
4
112
126
156
29
127
194
6
173
180
158
53
136
182
121
99
189
19
100
26
101
150
1
97
152
74
125
87
2
82
120
44
25
78
145
179
91
168
31
13
16
88
171
113
56
188
157
17
196
169
81
187
174
119
40
185
8
165
39
90
107
27
71
58
164
7
21
132
144
155
102
49
138
32
3
178
106
52
55
128
167
111
124
94
130
12
148
37
33
9
62
