objective=5446
profit=29456
length=24010
count=145
cycle:
131
77
105
115
198
68
93
140
36
163
67
108
69
18
199
159
181
192
160
48
30
54
147
104
184
28
166
11
84
4
112
126
156
29
127
70
6
173
180
158
53
136
182
121
100
26
97
1
101
150
120
44
82
2
87
125
74
152
124
130
12
148
37
33
9
62
61
144
155
102
49
32
138
8
119
40
185
91
179
145
168
78
16
88
171
113
56
13
31
85
188
157
17
196
169
81
187
174
90
107
27
71
58
164
7
95
39
165
106
178
3
128
167
111
19
189
99
94
80
176
66
141
51
109
72
59
118
60
46
139
191
110
142
22
146
103
195
193
41
96
5
116
65
47
149
