objective=7419
profit=32621
length=25202
count=158
cycle:
177
10
190
4
112
126
156
29
127
194
6
173
180
158
53
136
182
121
100
26
101
150
1
97
99
189
19
152
74
125
87
2
82
120
44
25
16
88
171
113
56
188
85
13
31
157
168
78
145
179
91
169
196
81
187
174
90
107
27
71
58
164
7
95
39
165
119
40
185
8
138
14
144
155
32
3
178
49
128
167
111
148
37
33
9
62
61
15
64
114
186
23
76
89
183
153
0
170
117
93
140
36
67
108
69
163
68
46
60
118
59
72
109
51
141
66
176
12
130
124
94
63
133
162
161
24
149
131
11
184
28
166
77
47
65
116
105
5
96
115
198
139
110
191
41
193
159
22
146
103
181
192
160
48
30
54
147
104
