objective=220
profit=31793
length=31573
count=161
cycle:
188
98
81
187
90
107
27
39
165
185
169
196
174
40
119
8
138
32
49
155
144
102
33
37
148
12
130
176
66
141
51
109
60
118
59
149
131
28
160
48
30
54
147
104
177
10
190
4
112
126
156
29
127
70
75
16
88
171
113
56
157
91
106
3
178
52
55
179
145
168
78
25
44
120
2
87
125
74
152
1
97
26
100
180
173
6
154
121
99
19
189
63
133
151
72
65
47
77
166
11
184
192
181
103
146
195
5
96
41
193
191
139
110
68
46
198
115
116
105
43
42
159
199
18
69
108
67
163
36
140
93
117
170
0
153
183
89
76
23
186
114
64
15
61
62
9
128
167
111
124
94
182
136
158
53
101
150
82
31
13
85
