objective=7229
profit=32510
length=25281
count=163
cycle:
49
102
62
9
61
15
64
114
186
23
76
89
183
153
0
170
117
93
140
36
163
67
108
69
18
20
22
146
103
195
159
193
41
191
110
139
198
46
60
141
66
51
109
72
59
118
115
96
5
42
192
160
48
30
54
147
104
177
10
190
4
112
156
29
126
35
11
184
28
166
77
105
116
65
47
131
149
24
161
194
6
173
180
158
53
136
182
121
99
100
26
97
101
150
1
87
125
74
152
19
189
94
130
12
124
111
148
37
33
167
128
3
178
106
52
55
57
92
82
120
44
25
78
145
168
16
88
171
113
56
188
85
13
31
157
17
81
187
174
169
196
91
179
185
40
119
8
165
39
90
107
27
71
58
164
7
21
132
144
155
14
138
32
