objective=7665
profit=28975
length=21310
count=139
cycle:
136
182
121
99
100
26
97
101
150
1
87
125
74
152
19
189
94
130
12
124
111
167
172
129
82
120
44
25
16
88
171
113
56
13
31
85
188
157
168
78
145
179
91
169
196
81
187
174
90
107
27
39
165
8
119
40
185
106
178
3
32
138
14
155
144
61
62
9
15
64
114
186
23
76
89
183
143
170
0
46
68
93
140
36
163
67
108
69
142
41
193
159
195
146
103
181
192
160
48
30
54
147
104
177
10
190
4
112
126
156
29
35
11
184
28
166
77
131
149
47
65
105
116
59
118
60
141
66
51
109
72
162
161
194
6
173
180
158
53
