objective=6953
profit=32927
length=25974
count=164
cycle:
158
180
173
6
194
127
29
156
126
112
4
190
10
177
104
147
54
30
48
160
192
181
103
146
22
20
18
69
108
67
163
36
140
93
117
170
0
68
46
198
139
191
110
142
159
193
41
96
5
42
28
184
11
166
77
105
116
65
47
131
149
24
161
162
72
59
118
60
109
51
141
66
176
137
23
76
183
89
83
114
64
73
132
144
155
49
102
61
62
9
33
37
148
12
130
94
124
111
167
128
55
52
106
178
3
32
138
21
7
164
58
71
27
107
90
39
165
8
185
119
40
169
174
187
81
196
17
157
31
13
85
188
56
113
171
88
16
168
91
179
145
78
25
44
120
82
2
87
125
74
152
97
1
150
101
26
100
19
189
99
121
182
136
53
