objective=6934
profit=32915
length=25981
count=165
cycle:
51
141
66
176
80
133
162
161
24
149
131
77
105
47
65
116
96
5
42
192
160
48
30
54
147
104
177
10
190
184
28
166
11
84
4
112
126
156
29
127
194
6
173
180
158
53
136
182
121
99
100
26
150
101
1
97
19
189
94
130
12
124
152
74
125
87
2
82
120
44
25
78
145
168
16
88
171
113
56
188
85
13
31
157
17
81
187
174
169
196
91
179
55
52
106
178
3
32
138
8
185
40
119
165
39
90
107
27
71
58
164
7
21
132
144
155
49
102
61
62
9
128
167
111
148
37
33
15
64
114
186
23
76
89
183
153
0
170
117
93
140
36
163
67
108
69
18
20
22
146
103
195
159
193
41
191
139
110
68
46
60
118
59
72
109
