objective=14576
profit=45024
length=30448
count=165
cycle:
191
71
67
120
51
98
6
188
65
161
70
3
84
155
184
170
34
55
18
62
124
128
64
88
194
185
22
94
154
66
57
172
179
52
166
48
76
75
137
114
26
103
153
81
77
58
91
79
61
7
45
136
193
117
198
30
42
156
24
1
197
16
27
38
102
32
96
63
100
17
44
133
10
178
115
147
192
150
85
2
43
169
132
15
145
13
126
195
29
39
12
0
109
35
37
111
41
143
159
119
186
163
89
165
127
180
176
86
110
95
9
148
60
23
20
59
199
28
101
149
4
140
183
174
53
167
189
69
11
139
182
138
49
33
160
144
56
104
8
68
82
87
171
177
123
5
142
78
175
162
46
80
190
105
73
164
31
54
151
19
112
121
131
125
90
