objective=19199
profit=42378
length=23179
count=152
cycle:
41
14
81
77
58
82
87
8
68
111
144
160
33
49
29
39
12
0
35
109
69
167
189
15
3
70
161
145
13
126
132
169
65
188
6
150
192
85
2
139
11
182
138
56
104
157
171
177
123
25
158
19
112
121
116
98
51
125
90
191
120
67
71
178
10
133
44
17
100
63
102
38
27
16
197
1
24
156
42
30
198
117
193
151
54
31
164
73
136
105
190
80
46
162
45
142
175
78
5
7
61
79
91
141
97
153
186
163
89
165
127
103
26
180
176
88
194
166
86
110
128
181
95
185
22
179
52
172
57
66
94
154
47
148
20
59
28
101
149
4
199
140
183
174
55
18
62
124
106
143
159
119
