objective=19421
profit=45482
length=26061
count=170
cycle:
150
6
188
65
169
132
13
126
195
145
15
3
161
70
84
155
184
167
189
69
109
35
0
12
29
39
160
33
49
11
138
182
139
2
85
74
118
98
116
121
112
19
158
25
123
177
171
157
104
56
144
111
68
8
87
82
58
50
14
41
119
159
143
106
124
128
110
62
18
55
34
170
152
53
174
183
140
199
4
149
101
28
59
20
23
60
148
47
154
94
66
57
172
52
179
22
130
95
86
176
180
88
194
166
48
76
75
137
114
127
165
89
103
26
163
186
153
81
77
97
141
91
79
61
7
5
45
142
78
175
162
46
80
190
105
136
73
164
193
31
54
151
117
198
30
42
156
24
1
197
16
27
38
102
63
100
17
44
133
10
178
191
90
125
51
120
67
71
147
192
