objective=19181
profit=42777
length=23596
count=153
cycle:
183
140
199
9
95
185
22
179
52
172
57
66
94
154
47
148
60
23
20
59
28
101
149
4
53
184
155
167
189
3
70
161
15
145
13
126
132
169
65
188
6
150
192
134
2
85
98
51
120
67
71
191
125
90
178
10
133
44
17
100
63
102
32
135
131
121
112
19
151
117
198
30
156
24
1
197
38
27
16
42
196
193
31
54
164
73
136
105
190
80
46
162
175
78
142
45
5
7
61
79
91
177
123
25
171
87
58
82
68
8
56
104
157
138
182
139
11
49
33
160
39
29
12
0
109
35
37
111
41
143
159
119
153
186
163
165
127
89
103
26
180
176
88
194
166
86
110
128
124
62
18
55
174
