objective=10351
profit=45054
length=34703
count=171
cycle:
30
151
19
112
121
158
25
171
157
104
8
56
160
39
29
12
144
68
111
41
119
106
124
62
18
55
34
69
109
35
0
49
11
139
192
150
6
188
65
169
132
13
126
134
85
2
43
168
195
145
15
161
70
3
189
167
155
184
53
174
183
140
4
149
101
28
199
59
20
148
47
154
94
66
57
172
52
179
22
185
95
181
128
143
159
37
33
138
182
74
118
98
122
32
102
63
100
17
44
133
10
178
71
67
120
51
116
123
177
5
45
136
73
164
31
54
117
198
156
24
197
1
173
21
87
82
58
77
97
153
129
64
110
86
176
163
165
127
89
103
26
114
76
48
166
194
88
180
186
141
91
79
61
7
78
175
142
162
46
80
190
105
193
131
125
191
90
38
27
16
42
